penalty = 1e4
----    569 PARAMETER LB                   =  9.023737E+2
            PARAMETER UB                   =  9.444913E+2

----    569 PARAMETER total_obj_record

             1           2           3           4           5           6           7           8           9          10          11          12          13          14          15          16          17          18          19          20          21

d1 8.903513E+2 8.903271E+2 8.912678E+2 8.911853E+2 8.912364E+2 8.913765E+2 8.913813E+2 8.914305E+2 8.914468E+2
d2 8.903513E+2 8.778527E+2 8.925990E+2 8.927854E+2 8.958569E+2 8.958606E+2 8.984927E+2 8.987913E+2 8.998977E+2 9.005752E+2 9.006155E+2 9.015279E+2 9.018894E+2 9.018991E+2 9.019963E+2 9.020073E+2 9.020573E+2 9.021039E+2 9.021027E+2 9.021295E+2 9.020598E+2

 +          22          23          24          25          26          27          28          29          30

d2 9.020586E+2 9.021133E+2 9.021179E+2 9.020965E+2 9.020954E+2 9.021213E+2 9.021415E+2 9.021431E+2 9.021506E+2


----    569 PARAMETER UB_Bender

1  2.777500E+3,    2  1.040819E+3,    3  1.959687E+3,    4  1.676037E+3,    5  1.503938E+3,    6  1.801880E+3,    7  2.070042E+3,    8  1.265387E+3,    9  1.159695E+3,    10 1.042261E+3,    11 1.222883E+3,    12 1.034387E+3,    13 1.064980E+3
14 1.121761E+3,    15 1.003339E+3,    16 1.026904E+3,    17 1.014898E+3,    18 1.000455E+3,    19 9.974172E+2,    20 1.117315E+3,    21 1.010644E+3,    22 1.008624E+3,    23 9.944848E+2,    24 9.849792E+2,    25 9.524753E+2,    26 9.446386E+2
27 9.445839E+2,    28 9.444925E+2,    29 9.444913E+2,    30 9.444913E+2


----    569 PARAMETER BenderOBJ_record

1  8.903513E+2,    2  8.903629E+2,    3  8.928941E+2,    4  8.947519E+2,    5  8.961129E+2,    6  8.973378E+2,    7  8.986174E+2,    8  8.996902E+2,    9  9.002658E+2,    10 9.006660E+2,    11 9.014142E+2,    12 9.017260E+2,    13 9.019523E+2
14 9.020115E+2,    15 9.020705E+2,    16 9.021490E+2,    17 9.022379E+2,    18 9.022610E+2,    19 9.023107E+2,    20 9.023275E+2,    21 9.023432E+2,    22 9.023449E+2,    23 9.023454E+2,    24 9.023603E+2,    25 9.023698E+2,    26 9.023707E+2
27 9.023737E+2,    28 9.023737E+2,    29 9.023737E+2,    30 9.023737E+2