----    448 PARAMETER BenderOBJ_record

1  2201.471,    2  2201.471,    3  2202.109,    4  2204.687,    5  2206.154,    6  2206.926,    7  2207.362,    8  2207.741,    9  2208.932,    10 2209.670,    11 2209.786,    12 2210.204,    13 2210.970,    14 2211.341,    15 2211.507,    16 2211.568
17 2211.945,    18 2212.034,    19 2212.246,    20 2212.467,    21 2212.620,    22 2212.746,    23 2212.956,    24 2213.053,    25 2213.363,    26 2213.501,    27 2213.789,    28 2213.828,    29 2213.940,    30 2214.032


----    448 PARAMETER UB_Bender

1  4235.000,    2  2306.116,    3  2316.870,    4  2329.841,    5  2432.489,    6  2527.913,    7  2547.035,    8  2475.631,    9  2516.854,    10 2449.953,    11 2397.578,    12 2317.378,    13 2378.691,    14 2387.873,    15 2358.825,    16 2350.325
17 2378.513,    18 2385.993,    19 2359.958,    20 2389.037,    21 2378.185,    22 2364.702,    23 2358.431,    24 2346.853,    25 2384.550,    26 2381.484,    27 2356.421,    28 2364.628,    29 2361.340,    30 2366.192
