1  2413.430
    2  2404.659
    3  2419.960
    4  2421.167
    5  2418.487
    6  2424.908
    7  2421.976
    8  2427.483
    9  2425.488
    10 2429.060
    11 2426.503
    12 2427.796
    13 2429.248
    14 2430.625
    15 2431.102
    16 2431.566

17 2431.761
    18 2431.927
    19 2432.106
    20 2432.312
    21 2432.296
    22 2432.551
    23 2432.499
    24 2432.584

1  2413.430
    2  2413.430
    3  2419.960
    4  2421.167
    5  2421.167
    6  2424.908
    7  2424.908
    8  2427.483
    9  2427.483
    10 2429.060
    11 2429.060
    12 2429.060
    13 2429.248
    14 2430.625
    15 2431.102
    16 2431.566

17 2431.761
    18 2431.927
    19 2432.106
    20 2432.312
    21 2432.312
    22 2432.551
    23 2432.551
    24 2432.584

1  4235.000
    2  2719.201
    3  2884.159
    4  2910.038
    5  2909.853
    6  2743.063
    7  2865.983
    8  2742.369
    9  2810.330
    10 2553.038
    11 2470.380
    12 2581.723
    13 2477.740
    14 2489.300
    15 2581.163
    16 2521.586

17 2587.186
    18 2554.643
    19 2581.601
    20 2509.900
    21 2510.224
    22 2624.435
    23 2500.471
    24 2456.390

