----    478 PARAMETER total_obj_record  

1  882.898,    2  535.785,    3  668.864,    4  760.599,    5  812.470,    6  844.828,    7  863.482,    8  860.788,    9  842.366,    10 885.874,    11 892.127,    12 890.860,    13 895.951,    14 901.784,    15 898.546,    16 902.383,    17 903.604
18 904.373,    19 903.561,    20 904.394,    21 906.302,    22 905.969,    23 905.953,    24 906.990,    25 907.389,    26 907.290,    27 907.321,    28 907.543,    29 907.558,    30 907.669

----    478 PARAMETER BenderOBJ_record  

1   882.898,    2   882.898,    3   882.898,    4   882.898,    5   882.898,    6   882.898,    7   882.898,    8   882.898,    9   882.898,    10  885.874,    11  892.127,    12  892.127,    13  895.951,    14  901.784,    15  901.784,    16  902.383
17  903.604,    18  904.373,    19  904.373,    20  904.394,    21  906.302,    22  906.302,    23  906.302,    24  906.990,    25  907.389,    26  907.401,    27  907.499,    28  907.561,    29  907.734,    30  907.755,    31  907.755,    32  907.755
33  907.755,    34  907.755,    35  907.756,    36  907.756,    37  907.756,    38  907.756,    39  907.756,    40  907.756,    41  907.756,    42  907.756,    43  907.756,    44  907.756,    45  907.756,    46  907.756,    47  907.756,    48  907.756
49  907.756,    50  907.756,
----    478 PARAMETER UB_Bender  

1   2777.500,    2   1915.039,    3   1553.835,    4   1389.162,    5   1398.280,    6   1366.029,    7   1345.116,    8   1183.050,    9   1304.050,    10  1298.688,    11  1121.135,    12  1031.942,    13  1279.913,    14  1138.216,    15  1192.034
16  1145.376,    17  1106.652,    18  1029.545,    19  1007.124,    20  1053.819,    21  1101.453,    22  1146.609,    23   995.594,    24  1117.508,    25   999.092,    26  1044.330,    27  1002.423,    28  1001.664,    29   997.632,    30  1136.106
31   967.617,    32   962.178,    33   961.476,    34   960.966,    35   951.067,    36   951.322,    37   946.311,    38   946.066,    39   945.964,    40   945.964,    41   946.000,    42   945.564,    43   945.562,    44   945.567,    45   945.567
46   945.564,    47   945.564,    48   945.556,    49   945.557,    50   945.555