----    530 PARAMETER total_obj_record

1 1.968885E+7,    2 1.950990E+7,    3 1.965762E+7,    4 1.976568E+7,    5 1.976147E+7,    6 1.977244E+7,    7 1.978480E+7,    8 1.979691E+7,    9 1.979716E+7


----    530 PARAMETER BenderOBJ_record

1 1.968885E+7,    2 1.968885E+7,    3 1.974130E+7,    4 1.978596E+7,    5 1.979106E+7,    6 1.980957E+7,    7 1.980988E+7,    8 1.981358E+7,    9 1.982270E+7


----    530 PARAMETER UB_Bender

1 2.076405E+7,    2 2.076421E+7,    3 2.097837E+7,    4 2.115609E+7,    5 2.021205E+7,    6 2.013105E+7,    7 2.062335E+7,    8 2.011578E+7,    9 2.000602E+7
