----    535 PARAMETER total_obj_record

1 1.969476E+7,    2 1.952730E+7,    3 1.967011E+7,    4 1.973935E+7,    5 1.976829E+7,    6 1.978059E+7,    7 1.979309E+7,    8 1.978738E+7,    9 1.979844E+7


----    535 PARAMETER BenderOBJ_record

1 1.969476E+7,    2 1.969476E+7,    3 1.974181E+7,    4 1.976590E+7,    5 1.979128E+7,    6 1.980310E+7,    7 1.981459E+7,    8 1.981722E+7,    9 1.982993E+7


----    535 PARAMETER UB_Bender

1 2.076389E+7,    2 2.076081E+7,    3 2.017201E+7,    4 2.099876E+7,    5 2.112760E+7,    6 2.021963E+7,    7 2.119754E+7,    8 2.059400E+7,    9 1.996410E+7
