mult = 200
----    542 PARAMETER LB_record

d1 2.042576E+3


----    542 PARAMETER UB_record

d1 2.468116E+3


----    542 PARAMETER total_obj_record

             1           2           3           4           5           6           7           8           9          10          11          12          13          14          15          16          17          18          19          20          21

d1 2.005846E+3 1.939719E+3 2.012742E+3 2.017358E+3 1.981003E+3 2.003355E+3 2.013198E+3 1.987687E+3 2.000526E+3 2.002191E+3 2.002536E+3 2.002815E+3 2.002803E+3 2.002825E+3 2.002831E+3 2.002832E+3 2.002813E+3 2.002811E+3 2.002818E+3 2.002813E+3 2.002810E+3

 +          22          23          24          25          26          27          28          29          30

d1 2.002821E+3 2.002824E+3 2.002814E+3 2.002816E+3 2.002813E+3 2.002815E+3 2.002807E+3 2.002814E+3 2.002819E+3


mult=300
----    542 PARAMETER LB_record  

d1 2.061421E+3


----    542 PARAMETER UB_record  

d1 2.276646E+3


----    542 PARAMETER total_obj_record  

             1           2           3           4           5           6           7           8           9          10          11          12          13          14          15          16          17          18          19          20          21

d1 2.005846E+3 1.974198E+3 2.018606E+3 2.030240E+3 2.015241E+3 2.020289E+3 2.028326E+3 2.024371E+3 2.027266E+3 2.024094E+3 2.022268E+3 2.023952E+3 2.024089E+3 2.023987E+3 2.024244E+3 2.024348E+3 2.024138E+3 2.024308E+3 2.024303E+3 2.024287E+3 2.024229E+3

 +          22          23          24          25          26          27          28          29          30

d1 2.024247E+3 2.024309E+3 2.024296E+3 2.024340E+3 2.024255E+3 2.024241E+3 2.024263E+3 2.024317E+3 2.024305E+3





mult=500
----    541 PARAMETER LB_record  

d1 2.037097E+3


----    541 PARAMETER UB_record  

d1 2.285299E+3


----    541 PARAMETER total_obj_record  

             1           2           3           4           5           6           7           8           9          10          11          12          13          14          15          16          17          18          19          20          21

d1 2.005846E+3 1.998311E+3 2.021429E+3 2.029841E+3 2.033184E+3 2.028395E+3 2.017920E+3 2.019240E+3 2.022458E+3 2.022625E+3 2.022522E+3 2.022686E+3 2.022725E+3 2.022782E+3 2.022832E+3 2.022877E+3 2.022923E+3 2.022965E+3 2.023005E+3 2.023293E+3 2.023240E+3

 +          22          23          24          25          26          27          28          29          30

d1 2.023248E+3 2.023255E+3 2.023219E+3 2.023208E+3 2.023207E+3 2.023200E+3 2.023212E+3 2.023207E+3 2.023205E+3



mult=1000
----    541 PARAMETER LB_record  

d1 2.041058E+3


----    541 PARAMETER UB_record  

d1 2.233141E+3


----    541 PARAMETER total_obj_record  

             1           2           3           4           5           6           7           8           9          10          11          12          13          14          15          16          17          18          19          20          21

d1 2.005846E+3 2.014011E+3 2.023082E+3 2.030580E+3 2.033224E+3 2.038988E+3 2.039883E+3 2.036733E+3 2.038294E+3 2.039094E+3 2.039143E+3 2.039094E+3 2.039151E+3 2.039144E+3 2.039150E+3 2.039154E+3 2.039162E+3 2.039171E+3 2.039198E+3 2.039198E+3 2.039210E+3

 +          22          23          24          25          26          27          28          29          30

d1 2.039183E+3 2.039184E+3 2.039158E+3 2.039185E+3 2.039185E+3 2.039186E+3 2.039183E+3 2.039185E+3 2.039183E+3

mult=1500
----    541 PARAMETER LB_record  

d1 2.031561E+3


----    541 PARAMETER UB_record  

d1 2.286052E+3


----    541 PARAMETER total_obj_record  

             1           2           3           4           5           6           7           8           9          10          11          12          13          14          15          16          17          18          19          20          21

d1 2.005846E+3 2.013872E+3 2.019476E+3 2.023551E+3 2.028796E+3 2.030299E+3 2.029689E+3 2.029832E+3 2.029791E+3 2.029796E+3 2.029818E+3 2.029817E+3 2.029815E+3 2.029816E+3 2.029816E+3 2.029816E+3 2.029816E+3 2.029816E+3 2.029816E+3 2.029816E+3 2.029815E+3

 +          22          23          24          25          26          27          28          29          30

d1 2.029814E+3 2.029816E+3 2.029815E+3 2.029820E+3 2.029821E+3 2.029821E+3 2.029820E+3 2.029818E+3 2.029819E+3

