1  890.341
2  890.403
3  890.341
4  890.956
5  891.457
6  892.853
7  893.617
8  894.840
9  895.136
10 896.296
11 897.186
12 897.468
13 897.966
14 898.337
15 898.980
16 899.541
17 899.732

18 900.030
19 900.227
20 900.407
21 900.490
22 900.571
23 900.645
24 900.850
25 901.017
26 901.110
27 901.195
28 901.377
29 901.406
30 901.501

1  2777.500
2  1011.219
3  1312.547
4  1488.278
5  1490.120
6  1459.827
7  1498.971
8  1510.511
9  1538.224
10 1557.910
11 1706.263
12 1663.527
13 1566.812
14 1585.447
15 1533.227
16 1540.376

17 1517.389
18 1521.019
19 1510.967
20 1557.680
21 1587.245
22 1585.417
23 1549.394
24 1518.071
25 1396.920
26 1391.339
27 1367.494
28 1410.197
29 1408.523
30 1424.859
