----    412 PARAMETER total_obj_record

1  2201.471,    2  2189.594,    3  2198.070,    4  2202.858,    5  2204.323,    6  2203.333,    7  2205.964,    8  2208.482,    9  2208.440,    10 2208.950,    11 2209.741,    12 2209.991,    13 2210.236


----    412 PARAMETER BenderOBJ_record

1  2201.471,    2  2201.471,    3  2202.109,    4  2204.687,    5  2206.084,    6  2207.921,    7  2208.205,    8  2208.801,    9  2209.890,    10 2210.139,    11 2210.282,    12 2210.408,    13 2210.573


----    412 PARAMETER UB_Bender

1  4235.000,    2  2361.446,    3  2296.870,    4  2289.841,    5  2401.614,    6  2441.824,    7  2317.749,    8  2254.964,    9  2324.604,    10 2349.610,    11 2260.670,    12 2234.249,    13 2231.215